01111111011110010111110100010101111000001001011001
01111001110011111110010100011111001111000110010010
10101111001111010100101010011101110011111110010100
01111110000010011010110001111110110110101011111100
11011100100101110111001111111001010001111110000010
10010011001101011110111111000110111100000010111000
00001001010111101010101011111001110000001000101111
01111111010001100100001001110110110101011111000001
01001011101010100011111000010110110000110110100111
00010110111110110011111010101010111101000111101101
00100101111100001101101001110001011011111011001111
10100011111001101011100011011110000001011111000101
11110100010011110110011001101011111000011011011101
10111110110011110000000100101011110101011111001010
11011010001111111000101010111000011001011000111111
00011010110111111010001100100110101110001101101101
01010011111110001011110100101001110110010110000001
00010111000110011010010101111101101101000111101000
10111011010001011100111001111101100111110111111100
00100101011100011111000010110101000111110010011111
01010101011111000001010010111010101011111000110010
010110000110011