52
     200   99 0  0  
A    81    93 0  0  
B    15    74 0  0  
C    27    81 0  0  
D    42    85 0  0  
E    127   96 0  0  
F    22    78 0  0  
G    20    78 0  0  
H    60    89 0  0  
I    70    91 0  0  
J    2     57 0  0  
K    8     68 0  0  
L    40    84 0  0  
M    24    80 0  0  
N    67    90 0  0  
O    75    92 0  0  
P    19    76 0  0  
Q    1     54 0  0  
R    59    88 0  0  
S    63    90 0  0  
T    90    94 0  0  
U    28    81 0  0  
V    10    70 0  0  
W    23    79 0  0  
X    2     57 0  0  
Y    20    77 0  0  
Z    1     54 0  0  
.    45    86 0  0  
,    50    87 0  0  
!    12    72 0  0  
?    8     68 0  0  
'    15    73 0  0  
"    10    70 0  0  
(    6     65 0  0  
)    6     64 0  0  
:    5     63 0  0  
;    4     61 0  0  
-    18    75 0  0  
_    7     66 0  0  
/    3     59 0  0  
\    2     56 0  0  
|    1     53 0  0  
#    5     62 0  0  
$    4     61 0  0  
%    2     56 0  0  
&    6     64 0  0  
*    8     67 0  0  
+    5     62 0  0  
=    9     69 0  0  
@    3     58 0  0  
^    1     53 0  0  
e    3     58 0  0  
#    2     55 51 42 
#    2     55 27 18 
#    4     60 54 53 
#    4     60 45 41 
#    4     59 25 11 
#    6     63 52 50 
#    7     65 40 57 
#    8     67 56 55 
#    8     66 44 37 
#    10    69 48 43 
#    11    71 36 58 
#    12    71 46 35 
#    13    72 34 59 
#    15    73 39 61 
#    16    75 60 47 
#    16    74 31 12 
#    19    76 49 62 
#    20    77 33 23 
#    23    79 63 64 
#    25    80 30 65 
#    30    82 66 32 
#    31    82 3  68 
#    34    83 67 38 
#    38    83 69 17 
#    40    84 70 26 
#    42    85 8  7  
#    46    86 71 24 
#    49    87 14 72 
#    55    88 4  22 
#    61    89 73 74 
#    72    91 75 76 
#    80    92 77 13 
#    84    93 78 5  
#    91    94 28 79 
#    99    95 80 29 
#    114   95 81 19 
#    121   96 9  82 
#    130   97 20 15 
#    142   97 10 83 
#    155   98 16 84 
#    165   98 2  85 
#    181   99 21 86 
#    213   10087 88 
#    248   10089 6  
#    272   10190 91 
#    320   10192 93 
#    381   10294 1  
#    461   10295 96 
#    592   10397 98 
#    842   10399 100
#    1434  0  101102
